-66.09577075958144
-66.16822946564416
-66.24068817170688
-66.3131468777696
-66.38560558383232
-66.45806428989503
-66.53052299595775
-66.60298170202047
-66.67544040808319
-66.74789911414591
-66.82035782020863
-66.89281652627135
-66.96527523233406
-67.03773393839678
-67.1101926444595
-67.18265135052222
-67.25511005658494
-67.32756876264766
-67.40002746871038
-67.4724861747731
-67.54494488083581
-67.61740358689853
-67.68986229296125
-67.76232099902397
-67.83477970508669
-67.90723841114941
-67.97969711721213
-68.05215582327484
-68.12461452933756
-68.19707323540028
-68.269531941463
-68.34199064752572
-68.41444935358844
-68.48690805965116
-68.55936676571388
-68.6318254717766
-68.70428417783931
-68.77674288390203
-68.84920158996475
-68.92166029602747
-68.99411900209019
-69.0665777081529
-69.13903641421562
-69.21149512027834
-69.28395382634106
-69.35641253240378
-69.4288712384665
-69.50132994452922
-69.57378865059194
-69.64624735665465
-69.71870606271737